{
    "world_2_cam": {
        "220700191": [
            [
                0.9859148682105898,
                0.03847661476639543,
                0.1627618590377175,
                -1.0847705307798297
            ],
            [
                0.05389863734789498,
                0.8481608224301274,
                -0.5269897116516508,
                1.5882375847630312
            ],
            [
                -0.1583250123427613,
                0.5283396345257171,
                0.8341405283619159,
                1.1723799162559554
            ],
            [
                0.0,
                0.0,
                0.0,
                1.0
            ]
        ],
        "222200039": [
            [
                0.9208710883015001,
                -0.1571650710000365,
                -0.3567850602084738,
                2.807370540518046
            ],
            [
                0.1369314316029218,
                0.9872260005049052,
                -0.0814530967260502,
                -1.481698603141481
            ],
            [
                0.3650290697596359,
                0.026152712758764247,
                0.9306287196544991,
                1.924904292579676
            ],
            [
                0.0,
                0.0,
                0.0,
                1.0
            ]
        ],
        "222200040": [
            [
                0.8597047186678032,
                0.1542237003814843,
                0.4869526126236059,
                -3.3948073708243407
            ],
            [
                -0.1327670491649433,
                0.988031827634751,
                -0.07852399783994213,
                -1.4474843030260502
            ],
            [
                -0.4932349413376418,
                0.002856190010462785,
                0.869891450022517,
                1.9969501957403368
            ],
            [
                0.0,
                0.0,
                0.0,
                1.0
            ]
        ],
        "222200043": [
            [
                0.984014109982694,
                -0.06505577228034201,
                -0.16578292387328278,
                1.4716457727212868
            ],
            [
                0.061627752612996356,
                0.9977671376588509,
                -0.025744108373271506,
                -1.79010891949732
            ],
            [
                0.16708755627765257,
                0.015115736868300908,
                0.9858261829734948,
                1.8857395603338798
            ],
            [
                0.0,
                0.0,
                0.0,
                1.0
            ]
        ],
        "222200044": [
            [
                0.663608522803993,
                0.23912569815243534,
                0.7088318763606873,
                -5.336607083563018
            ],
            [
                -0.20239591262604717,
                0.9695873728158607,
                -0.13760894239949129,
                -1.1744733730990295
            ],
            [
                -0.7201802711919925,
                -0.05214620752410859,
                0.6918245081136405,
                2.499291991069527
            ],
            [
                0.0,
                0.0,
                0.0,
                1.0
            ]
        ],
        "222200042": [
            [
                0.6344474964941852,
                0.244315509782361,
                0.7333391479200098,
                -5.240269803545834
            ],
            [
                0.20468007529710125,
                0.8617670371859629,
                -0.4641806118270131,
                1.307093521837053
            ],
            [
                -0.7453740275651104,
                0.4445981391093673,
                0.4967394223653422,
                2.8653163171401643
            ],
            [
                0.0,
                0.0,
                0.0,
                1.0
            ]
        ],
        "222200038": [
            [
                0.9999146810159939,
                1.1574847683427966e-05,
                -0.013062563098644245,
                0.23385637699207182
            ],
            [
                -5.429168296364747e-05,
                0.9999946526417339,
                -0.003269822678849267,
                -1.8896604371570356
            ],
            [
                0.013062455400740022,
                0.0032702528894348716,
                0.9999093347423769,
                1.294726668000392
            ],
            [
                0.0,
                0.0,
                0.0,
                1.0
            ]
        ],
        "222200037": [
            [
                0.999735641163404,
                -0.01866020468690234,
                -0.013432964998105075,
                0.23993770558194263
            ],
            [
                0.00882649101263426,
                0.8509470499491223,
                -0.5251773140942875,
                1.5997291174886628
            ],
            [
                0.021230658115124333,
                0.5249199128856981,
                0.8508867987059558,
                0.9642585376978645
            ],
            [
                0.0,
                0.0,
                0.0,
                1.0
            ]
        ],
        "222200041": [
            [
                0.9852553545000028,
                0.05499339933634139,
                0.1620111491796399,
                -1.0918273077984781
            ],
            [
                -0.04760707290547946,
                0.9976572120153842,
                -0.04912895198417404,
                -1.9266565090921932
            ],
            [
                -0.16433335948140967,
                0.04069168641288538,
                0.985565184865227,
                1.4574116226248937
            ],
            [
                0.0,
                0.0,
                0.0,
                1.0
            ]
        ],
        "222200045": [
            [
                0.7475150921903874,
                -0.21567325915961602,
                -0.6282565019409396,
                4.718988807560095
            ],
            [
                0.18875676503158387,
                0.9757992691480541,
                -0.11039325153710607,
                -1.3179367122240673
            ],
            [
                0.6368611077797168,
                -0.03606704331647424,
                0.7701344673393079,
                2.7477366804961263
            ],
            [
                0.0,
                0.0,
                0.0,
                1.0
            ]
        ],
        "222200036": [
            [
                0.9436951082835068,
                0.10407495020194915,
                0.31401902385403696,
                -2.27089957010018
            ],
            [
                0.073265341814266,
                0.859901740786329,
                -0.5051744113486745,
                1.5079076512901053
            ],
            [
                -0.3226015069565224,
                0.49973733193859227,
                0.8038599795836823,
                1.360901775536379
            ],
            [
                0.0,
                0.0,
                0.0,
                1.0
            ]
        ],
        "221501007": [
            [
                0.7578052198164623,
                -0.2457748697091379,
                -0.6044220067456012,
                4.6666578540452095
            ],
            [
                -0.13331014554666962,
                0.8484831310080239,
                -0.5121569891050461,
                1.6011956836267
            ],
            [
                0.6387171940015777,
                0.4686908254001532,
                0.6102206619514569,
                2.4933964410924423
            ],
            [
                0.0,
                0.0,
                0.0,
                1.0
            ]
        ],
        "222200047": [
            [
                0.9856245535392214,
                -0.06778985954309776,
                -0.15475391563297353,
                1.4179278686642685
            ],
            [
                -0.021347838033001217,
                0.8586606619869298,
                -0.5120997338092299,
                1.5270182366506009
            ],
            [
                0.16759626866946398,
                0.5080417330291818,
                0.8448698646707541,
                0.9854230175025844
            ],
            [
                0.0,
                0.0,
                0.0,
                1.0
            ]
        ],
        "222200046": [
            [
                0.8567348027524921,
                0.15825738280200982,
                0.49087684661359465,
                -3.426742790957843
            ],
            [
                0.12719039671380947,
                0.8575348128190994,
                -0.4984542584702192,
                1.6295746489657987
            ],
            [
                -0.49982805117003204,
                0.48947793167002984,
                0.7145510994124895,
                1.669880803724205
            ],
            [
                0.0,
                0.0,
                0.0,
                1.0
            ]
        ],
        "222200049": [
            [
                0.9297167607798429,
                -0.13383463600997172,
                -0.34309624732589955,
                2.6722395064991766
            ],
            [
                -0.07420539136898494,
                0.8444432312749353,
                -0.5304801495303307,
                1.6982629932135578
            ],
            [
                0.3607219214530942,
                0.5186558775893942,
                0.7751617740995509,
                1.7632711941262085
            ],
            [
                0.0,
                0.0,
                0.0,
                1.0
            ]
        ],
        "222200048": [
            [
                0.9477355882122953,
                0.07769396290789261,
                0.309452585970067,
                -2.211947079810068
            ],
            [
                -0.06748967461514789,
                0.9967685048564939,
                -0.043562501609653276,
                -1.82603293577549
            ],
            [
                -0.3118371348255947,
                0.020400878751087898,
                0.9499165255378744,
                1.8953960837156516
            ],
            [
                0.0,
                0.0,
                0.0,
                1.0
            ]
        ]
    },
    "intrinsics": {
        "220700191": [
            [
                8515.807850956791,
                0,
                1100.0
            ],
            [
                0,
                8515.807850956791,
                1604.0
            ],
            [
                0,
                0,
                1
            ]
        ],
        "222200039": [
            [
                8293.785117402409,
                0,
                1100.0
            ],
            [
                0,
                8293.785117402409,
                1604.0
            ],
            [
                0,
                0,
                1
            ]
        ],
        "222200040": [
            [
                8075.896860916067,
                0,
                1100.0
            ],
            [
                0,
                8075.896860916067,
                1604.0
            ],
            [
                0,
                0,
                1
            ]
        ],
        "222200043": [
            [
                8360.231771470762,
                0,
                1100.0
            ],
            [
                0,
                8360.231771470762,
                1604.0
            ],
            [
                0,
                0,
                1
            ]
        ],
        "222200044": [
            [
                7671.118758130601,
                0,
                1100.0
            ],
            [
                0,
                7671.118758130601,
                1604.0
            ],
            [
                0,
                0,
                1
            ]
        ],
        "222200042": [
            [
                8257.019108777882,
                0,
                1100.0
            ],
            [
                0,
                8257.019108777882,
                1604.0
            ],
            [
                0,
                0,
                1
            ]
        ],
        "222200038": [
            [
                8056.595181119141,
                0,
                1100.0
            ],
            [
                0,
                8056.595181119141,
                1604.0
            ],
            [
                0,
                0,
                1
            ]
        ],
        "222200037": [
            [
                8363.216497320835,
                0,
                1100.0
            ],
            [
                0,
                8363.216497320835,
                1604.0
            ],
            [
                0,
                0,
                1
            ]
        ],
        "222200041": [
            [
                8335.979953499187,
                0,
                1100.0
            ],
            [
                0,
                8335.979953499187,
                1604.0
            ],
            [
                0,
                0,
                1
            ]
        ],
        "222200045": [
            [
                8199.025818100294,
                0,
                1100.0
            ],
            [
                0,
                8199.025818100294,
                1604.0
            ],
            [
                0,
                0,
                1
            ]
        ],
        "222200036": [
            [
                8157.748754635402,
                0,
                1100.0
            ],
            [
                0,
                8157.748754635402,
                1604.0
            ],
            [
                0,
                0,
                1
            ]
        ],
        "221501007": [
            [
                8357.695729623449,
                0,
                1100.0
            ],
            [
                0,
                8357.695729623449,
                1604.0
            ],
            [
                0,
                0,
                1
            ]
        ],
        "222200047": [
            [
                7921.169801731011,
                0,
                1100.0
            ],
            [
                0,
                7921.169801731011,
                1604.0
            ],
            [
                0,
                0,
                1
            ]
        ],
        "222200046": [
            [
                8080.45712229817,
                0,
                1100.0
            ],
            [
                0,
                8080.45712229817,
                1604.0
            ],
            [
                0,
                0,
                1
            ]
        ],
        "222200049": [
            [
                8483.616792005192,
                0,
                1100.0
            ],
            [
                0,
                8483.616792005192,
                1604.0
            ],
            [
                0,
                0,
                1
            ]
        ],
        "222200048": [
            [
                8288.908605446264,
                0,
                1100.0
            ],
            [
                0,
                8288.908605446264,
                1604.0
            ],
            [
                0,
                0,
                1
            ]
        ]
    }
}