{
    "world_2_cam": {
        "222200042": [
            [
                0.6909303665161133,
                -0.021032556891441345,
                -0.7226153016090393,
                0.018498040735721588
            ],
            [
                0.17900408804416656,
                -0.9634717106819153,
                0.1991981863975525,
                -0.008575618267059326
            ],
            [
                -0.7004089951515198,
                -0.26698318123817444,
                -0.6619269251823425,
                1.1280001401901245
            ],
            [
                0.0,
                0.0,
                0.0,
                1.0
            ]
        ],
        "222200044": [
            [
                0.7162364721298218,
                -0.023105841130018234,
                -0.6974750757217407,
                -0.02452147752046585
            ],
            [
                -0.20170685648918152,
                -0.9636473655700684,
                -0.17520901560783386,
                0.0022941753268241882
            ],
            [
                -0.6680716872215271,
                0.26617658138275146,
                -0.6948599219322205,
                1.1867865324020386
            ],
            [
                0.0,
                0.0,
                0.0,
                1.0
            ]
        ],
        "222200046": [
            [
                0.8938625454902649,
                -0.013841843232512474,
                -0.44812747836112976,
                0.006875336170196533
            ],
            [
                0.10013773292303085,
                -0.9681096076965332,
                0.22964400053024292,
                0.006335929036140442
            ],
            [
                -0.4370151460170746,
                -0.2501446604728699,
                -0.8639708161354065,
                1.2003283500671387
            ],
            [
                0.0,
                0.0,
                0.0,
                1.0
            ]
        ],
        "222200040": [
            [
                0.894737720489502,
                -0.010458819568157196,
                -0.44646960496902466,
                0.006612658500671387
            ],
            [
                -0.12703309953212738,
                -0.9643884301185608,
                -0.23198655247688293,
                0.02571386843919754
            ],
            [
                -0.42814379930496216,
                0.26428350806236267,
                -0.8642032146453857,
                1.2544445991516113
            ],
            [
                0.0,
                0.0,
                0.0,
                1.0
            ]
        ],
        "222200036": [
            [
                0.9660654664039612,
                -0.01597108133137226,
                -0.2578032612800598,
                -0.0215146467089653
            ],
            [
                0.045314863324165344,
                -0.9721275568008423,
                0.23003216087818146,
                -0.016430161893367767
            ],
            [
                -0.25429150462150574,
                -0.23390841484069824,
                -0.938414990901947,
                1.2338190078735352
            ],
            [
                0.0,
                0.0,
                0.0,
                1.0
            ]
        ],
        "222200048": [
            [
                0.9688483476638794,
                0.008177584037184715,
                -0.24751980602741241,
                -0.025871451944112778
            ],
            [
                -0.05862942710518837,
                -0.9634701013565063,
                -0.26131999492645264,
                0.004339881241321564
            ],
            [
                -0.2406149059534073,
                0.26769137382507324,
                -0.9329769015312195,
                1.2913981676101685
            ],
            [
                0.0,
                0.0,
                0.0,
                1.0
            ]
        ],
        "220700191": [
            [
                0.9958578944206238,
                0.0009042018209584057,
                -0.09091925621032715,
                -0.02060595527291298
            ],
            [
                0.023861341178417206,
                -0.967501699924469,
                0.2517364025115967,
                -0.029934503138065338
            ],
            [
                -0.08773690462112427,
                -0.25286316871643066,
                -0.9635157585144043,
                1.1919126510620117
            ],
            [
                0.0,
                0.0,
                0.0,
                1.0
            ]
        ],
        "222200041": [
            [
                0.9952519536018372,
                -0.014930156990885735,
                -0.09618042409420013,
                -0.016949094831943512
            ],
            [
                -0.03911594673991203,
                -0.9662083983421326,
                -0.2547772526741028,
                -0.017424147576093674
            ],
            [
                -0.08912645280361176,
                0.2573297321796417,
                -0.9622046947479248,
                1.2563356161117554
            ],
            [
                0.0,
                0.0,
                0.0,
                1.0
            ]
        ],
        "222200037": [
            [
                0.995507001876831,
                0.0024846247397363186,
                0.09465596824884415,
                -0.020632760599255562
            ],
            [
                -0.02112955041229725,
                -0.9686199426651001,
                0.24764709174633026,
                -0.02385200560092926
            ],
            [
                0.09230095148086548,
                -0.2485344558954239,
                -0.9642153382301331,
                1.1891636848449707
            ],
            [
                0.0,
                0.0,
                0.0,
                1.0
            ]
        ],
        "222200038": [
            [
                0.9960179924964905,
                -0.014586607925593853,
                0.08795206993818283,
                -0.014967422932386398
            ],
            [
                0.012021387927234173,
                -0.9555417895317078,
                -0.294610857963562,
                0.03522977977991104
            ],
            [
                0.08833922445774078,
                0.29449498653411865,
                -0.9515613317489624,
                1.267371416091919
            ],
            [
                0.0,
                0.0,
                0.0,
                1.0
            ]
        ],
        "222200047": [
            [
                0.9697573781013489,
                0.007782644592225552,
                0.2439468950033188,
                -0.0031240538228303194
            ],
            [
                -0.050869621336460114,
                -0.971096932888031,
                0.23320196568965912,
                -0.017953447997570038
            ],
            [
                0.23871098458766937,
                -0.238558828830719,
                -0.9413325190544128,
                1.2357896566390991
            ],
            [
                0.0,
                0.0,
                0.0,
                1.0
            ]
        ],
        "222200043": [
            [
                0.9675577282905579,
                0.00207632128149271,
                0.2526416778564453,
                -0.005355472210794687
            ],
            [
                0.07227414101362228,
                -0.9604528546333313,
                -0.2688993811607361,
                0.024036109447479248
            ],
            [
                0.2420920878648758,
                0.2784351110458374,
                -0.9294435977935791,
                1.2974584102630615
            ],
            [
                0.0,
                0.0,
                0.0,
                1.0
            ]
        ],
        "222200049": [
            [
                0.8989721536636353,
                0.014826438389718533,
                0.4377549886703491,
                -0.026968475431203842
            ],
            [
                -0.10476230829954147,
                -0.963140606880188,
                0.2477603703737259,
                -0.013203710317611694
            ],
            [
                0.42529296875,
                -0.26858991384506226,
                -0.8642832040786743,
                1.2014232873916626
            ],
            [
                0.0,
                0.0,
                0.0,
                1.0
            ]
        ],
        "222200039": [
            [
                0.8890575766563416,
                0.03383953124284744,
                0.4565431773662567,
                -0.027751607820391655
            ],
            [
                0.1421976387500763,
                -0.9683486819267273,
                -0.20513597130775452,
                0.0067093223333358765
            ],
            [
                0.43515121936798096,
                0.2472970336675644,
                -0.865729570388794,
                1.2520105838775635
            ],
            [
                0.0,
                0.0,
                0.0,
                1.0
            ]
        ],
        "222200045": [
            [
                0.6952305436134338,
                0.010942349210381508,
                0.71870356798172,
                -0.03065483272075653
            ],
            [
                0.19091291725635529,
                -0.9667815566062927,
                -0.16995830833911896,
                -0.004161931574344635
            ],
            [
                0.6929695010185242,
                0.25536999106407166,
                -0.6742251515388489,
                1.1929774284362793
            ],
            [
                0.0,
                0.0,
                0.0,
                1.0
            ]
        ],
        "221501007": [
            [
                0.704820990562439,
                0.04486847668886185,
                0.7079648375511169,
                -0.02434510737657547
            ],
            [
                -0.16247732937335968,
                -0.9612575769424438,
                0.22267717123031616,
                -0.005302995443344116
            ],
            [
                0.6905276775360107,
                -0.2719758152961731,
                -0.6702244281768799,
                1.133715271949768
            ],
            [
                0.0,
                0.0,
                0.0,
                1.0
            ]
        ]
    },
    "intrinsics": [
        [
            8194.6318359375,
            0.0,
            1099.349365234375
        ],
        [
            0.0,
            8194.7333984375,
            1603.513916015625
        ],
        [
            0.0,
            0.0,
            1.0
        ]
    ]
}